22227.4147864723728670453276000000
14284.7297992065142981515393000000
10060.4920344164423655223276000000
11.7223950124772590851723000000
11.7223950124772590851723000000
33242.8482300998350089286946000000
11672.2732953853743325223276000000
11.7223950124772590851723000000
12523.5567372628053920744777000000
26282.6364220077550411834777000000
12523.5567372628053920744777000000
11.7223950124772590851723000000
48498.328813467650649143633000000
11.7223950124772590851723000000
22227.4147864723728670453276000000
21582.2973297269379354915393000000
11672.2732953853743325223276000000
14284.7297992065142981515393000000
14284.7297992065142981515393000000
23926.5451866239977883515393000000
26282.6364220077550411834777000000
12523.5567372628053920744777000000
11.7223950124772590851723000000
14284.7297992065142981515393000000
11.7223950124772590851723000000
105907134.2752968041765773834777000000
10060.4920344164423655223276000000
11.7223950124772590851723000000
92935969.4649994837663056553276000000
33242.8482300998350089286946000000
10060.4920344164423655223276000000
12523.5567372628053920744777000000
48498.328813467650649143633000000
26282.6364220077550411834777000000
105907134.2752968041765773834777000000
12523.5567372628053920744777000000
12523.5567372628053920744777000000
11.7223950124772590851723000000
33242.8482300998350089286946000000
11.7223950124772590851723000000
11.7223950124772590851723000000
23926.5451866239977883515393000000
14284.7297992065142981515393000000
12523.5567372628053920744777000000
48498.328813467650649143633000000
22227.4147864723728670453276000000
14284.7297992065142981515393000000
23926.5451866239977883515393000000
11.7223950124772590851723000000
14284.7297992065142981515393000000
22227.4147864723728670453276000000
48498.328813467650649143633000000
10060.4920344164423655223276000000
23926.5451866239977883515393000000
12523.5567372628053920744777000000
11.7223950124772590851723000000
12523.5567372628053920744777000000
22227.4147864723728670453276000000
88823504.4271960013369181208447000000
10060.4920344164423655223276000000
10060.4920344164423655223276000000
11.7223950124772590851723000000
11672.2732953853743325223276000000
10060.4920344164423655223276000000
12523.5567372628053920744777000000
12523.5567372628053920744777000000
10060.4920344164423655223276000000
12523.5567372628053920744777000000
14284.7297992065142981515393000000
12523.5567372628053920744777000000
10060.4920344164423655223276000000
88810992.5928537510087851315393000000
23926.5451866239977883515393000000
48498.328813467650649143633000000
12523.5567372628053920744777000000
12523.5567372628053920744777000000
14284.7297992065142981515393000000
48498.328813467650649143633000000
12523.5567372628053920744777000000
14284.7297992065142981515393000000
26282.6364220077550411834777000000
105907134.2752968041765773834777000000
33242.8482300998350089286946000000
12523.5567372628053920744777000000
22227.4147864723728670453276000000
11.7223950124772590851723000000
11.7223950124772590851723000000
12523.5567372628053920744777000000
11.7223950124772590851723000000
36438.3795288743259213408447000000
14284.7297992065142981515393000000
14284.7297992065142981515393000000
11.7223950124772590851723000000
11672.2732953853743325223276000000
36438.3795288743259213408447000000
23926.5451866239977883515393000000
10060.4920344164423655223276000000
21582.2973297269379354915393000000
33242.8482300998350089286946000000
26282.6364220077550411834777000000
11.7223950124772590851723000000
23926.5451866239977883515393000000
11.7223950124772590851723000000
92957540.0399341982269820616946000000
33242.8482300998350089286946000000
12523.5567372628053920744777000000
11.7223950124772590851723000000
11672.2732953853743325223276000000
21582.2973297269379354915393000000
11.7223950124772590851723000000
11.7223950124772590851723000000
26282.6364220077550411834777000000
22227.4147864723728670453276000000
12523.5567372628053920744777000000
21582.2973297269379354915393000000
11672.2732953853743325223276000000
36438.3795288743259213408447000000
14284.7297992065142981515393000000
21582.2973297269379354915393000000
14284.7297992065142981515393000000
11.7223950124772590851723000000
11.7223950124772590851723000000
21582.2973297269379354915393000000
12523.5567372628053920744777000000
11.7223950124772590851723000000
14284.7297992065142981515393000000
14284.7297992065142981515393000000
11.7223950124772590851723000000
11.7223950124772590851723000000
11.7223950124772590851723000000
11.7223950124772590851723000000
11.7223950124772590851723000000
10060.4920344164423655223276000000
22227.4147864723728670453276000000
92935969.4649994837663056553276000000
12523.5567372628053920744777000000
23926.5451866239977883515393000000
48498.328813467650649143633000000
11672.2732953853743325223276000000
12523.5567372628053920744777000000
26282.6364220077550411834777000000
36438.3795288743259213408447000000
12523.5567372628053920744777000000
33242.8482300998350089286946000000
12523.5567372628053920744777000000
12523.5567372628053920744777000000
48498.328813467650649143633000000
11.7223950124772590851723000000
14284.7297992065142981515393000000
12523.5567372628053920744777000000
21582.2973297269379354915393000000
12523.5567372628053920744777000000
22227.4147864723728670453276000000
26282.6364220077550411834777000000
26282.6364220077550411834777000000
12523.5567372628053920744777000000
12523.5567372628053920744777000000
11672.2732953853743325223276000000
11.7223950124772590851723000000
11.7223950124772590851723000000
12523.5567372628053920744777000000
12523.5567372628053920744777000000
10060.4920344164423655223276000000
11.7223950124772590851723000000
10060.4920344164423655223276000000
11.7223950124772590851723000000
26282.6364220077550411834777000000
14284.7297992065142981515393000000
48498.328813467650649143633000000
48498.328813467650649143633000000
12523.5567372628053920744777000000
26282.6364220077550411834777000000
12523.5567372628053920744777000000
48498.328813467650649143633000000
26282.6364220077550411834777000000
11.7223950124772590851723000000
48498.328813467650649143633000000
11.7223950124772590851723000000
26282.6364220077550411834777000000
21582.2973297269379354915393000000
14284.7297992065142981515393000000
11.7223950124772590851723000000
11.7223950124772590851723000000
12523.5567372628053920744777000000
11.7223950124772590851723000000
11.7223950124772590851723000000
11.7223950124772590851723000000
12523.5567372628053920744777000000
26282.6364220077550411834777000000
26282.6364220077550411834777000000
11.7223950124772590851723000000
23926.5451866239977883515393000000
11.7223950124772590851723000000
26282.6364220077550411834777000000
22227.4147864723728670453276000000
48498.328813467650649143633000000
48498.328813467650649143633000000
11.7223950124772590851723000000
12523.5567372628053920744777000000
11.7223950124772590851723000000
48498.328813467650649143633000000
11.7223950124772590851723000000
11.7223950124772590851723000000
33242.8482300998350089286946000000
11672.2732953853743325223276000000
10060.4920344164423655223276000000
22227.4147864723728670453276000000
14284.7297992065142981515393000000
48498.328813467650649143633000000
10060.4920344164423655223276000000
11672.2732953853743325223276000000
33242.8482300998350089286946000000
11.7223950124772590851723000000
21582.2973297269379354915393000000
11.7223950124772590851723000000
23926.5451866239977883515393000000
12523.5567372628053920744777000000
11.7223950124772590851723000000
23926.5451866239977883515393000000
21582.2973297269379354915393000000
12523.5567372628053920744777000000
12523.5567372628053920744777000000
21582.2973297269379354915393000000
11.7223950124772590851723000000
11.7223950124772590851723000000
11.7223950124772590851723000000
11.7223950124772590851723000000
11.7223950124772590851723000000
26282.6364220077550411834777000000
22227.4147864723728670453276000000
21582.2973297269379354915393000000
10060.4920344164423655223276000000
10060.4920344164423655223276000000
11.7223950124772590851723000000
12523.5567372628053920744777000000
36438.3795288743259213408447000000
23926.5451866239977883515393000000
12523.5567372628053920744777000000
23926.5451866239977883515393000000
11.7223950124772590851723000000
11.7223950124772590851723000000
21582.2973297269379354915393000000
14284.7297992065142981515393000000
11.7223950124772590851723000000
12523.5567372628053920744777000000
21582.2973297269379354915393000000
12523.5567372628053920744777000000
11.7223950124772590851723000000
12523.5567372628053920744777000000
11.7223950124772590851723000000
12523.5567372628053920744777000000
21582.2973297269379354915393000000
14284.7297992065142981515393000000
11.7223950124772590851723000000
26282.6364220077550411834777000000
48498.328813467650649143633000000
10060.4920344164423655223276000000
12523.5567372628053920744777000000
21582.2973297269379354915393000000
11672.2732953853743325223276000000
10060.4920344164423655223276000000
11672.2732953853743325223276000000
11.7223950124772590851723000000
10060.4920344164423655223276000000
10060.4920344164423655223276000000
14284.7297992065142981515393000000
21582.2973297269379354915393000000
26282.6364220077550411834777000000
22227.4147864723728670453276000000
10060.4920344164423655223276000000
22227.4147864723728670453276000000
22227.4147864723728670453276000000
11.7223950124772590851723000000
11.7223950124772590851723000000
12523.5567372628053920744777000000
11.7223950124772590851723000000
11.7223950124772590851723000000
14284.7297992065142981515393000000
23926.5451866239977883515393000000
11.7223950124772590851723000000
22227.4147864723728670453276000000
11.7223950124772590851723000000
10060.4920344164423655223276000000
14284.7297992065142981515393000000
23926.5451866239977883515393000000
10060.4920344164423655223276000000
22227.4147864723728670453276000000
11.7223950124772590851723000000
21582.2973297269379354915393000000
12523.5567372628053920744777000000
12523.5567372628053920744777000000
11.7223950124772590851723000000
26282.6364220077550411834777000000
12523.5567372628053920744777000000
11.7223950124772590851723000000
11.7223950124772590851723000000
11.7223950124772590851723000000
14284.7297992065142981515393000000
22227.4147864723728670453276000000
14284.7297992065142981515393000000
23926.5451866239977883515393000000
14284.7297992065142981515393000000
14284.7297992065142981515393000000
12523.5567372628053920744777000000
11672.2732953853743325223276000000
23926.5451866239977883515393000000
12523.5567372628053920744777000000
10060.4920344164423655223276000000
12523.5567372628053920744777000000
10060.4920344164423655223276000000
21582.2973297269379354915393000000
22227.4147864723728670453276000000
21582.2973297269379354915393000000
11.7223950124772590851723000000
12523.5567372628053920744777000000
12523.5567372628053920744777000000
10060.4920344164423655223276000000
12523.5567372628053920744777000000
26282.6364220077550411834777000000
12523.5567372628053920744777000000
23926.5451866239977883515393000000
36438.3795288743259213408447000000
12523.5567372628053920744777000000
12523.5567372628053920744777000000
11672.2732953853743325223276000000
11.7223950124772590851723000000
11.7223950124772590851723000000
11.7223950124772590851723000000
10060.4920344164423655223276000000
12523.5567372628053920744777000000
12523.5567372628053920744777000000
12523.5567372628053920744777000000
11.7223950124772590851723000000
10060.4920344164423655223276000000
22227.4147864723728670453276000000
11672.2732953853743325223276000000
14284.7297992065142981515393000000
14284.7297992065142981515393000000
36438.3795288743259213408447000000
36438.3795288743259213408447000000
48498.328813467650649143633000000
11672.2732953853743325223276000000
11.7223950124772590851723000000
11.7223950124772590851723000000
11.7223950124772590851723000000
23926.5451866239977883515393000000
11.7223950124772590851723000000
11.7223950124772590851723000000
36438.3795288743259213408447000000
23926.5451866239977883515393000000
36438.3795288743259213408447000000
10060.4920344164423655223276000000
12523.5567372628053920744777000000
11.7223950124772590851723000000
22227.4147864723728670453276000000
11.7223950124772590851723000000
11.7223950124772590851723000000
12523.5567372628053920744777000000
11672.2732953853743325223276000000
21582.2973297269379354915393000000
11.7223950124772590851723000000
11.7223950124772590851723000000
11.7223950124772590851723000000
14284.7297992065142981515393000000
22227.4147864723728670453276000000
33242.8482300998350089286946000000
22227.4147864723728670453276000000
11.7223950124772590851723000000
23926.5451866239977883515393000000
12523.5567372628053920744777000000
12523.5567372628053920744777000000
11.7223950124772590851723000000
14284.7297992065142981515393000000
10060.4920344164423655223276000000
14284.7297992065142981515393000000
10060.4920344164423655223276000000
11.7223950124772590851723000000
11.7223950124772590851723000000
23926.5451866239977883515393000000
11.7223950124772590851723000000
11.7223950124772590851723000000
22227.4147864723728670453276000000
22227.4147864723728670453276000000
48498.328813467650649143633000000
22227.4147864723728670453276000000
36438.3795288743259213408447000000
12523.5567372628053920744777000000
11.7223950124772590851723000000
23926.5451866239977883515393000000
11.7223950124772590851723000000
22227.4147864723728670453276000000
11.7223950124772590851723000000
23926.5451866239977883515393000000
12523.5567372628053920744777000000
26282.6364220077550411834777000000
11.7223950124772590851723000000
36438.3795288743259213408447000000
11.7223950124772590851723000000
12523.5567372628053920744777000000
23926.5451866239977883515393000000
22227.4147864723728670453276000000
10060.4920344164423655223276000000
11.7223950124772590851723000000
33242.8482300998350089286946000000
21582.2973297269379354915393000000
11.7223950124772590851723000000
11.7223950124772590851723000000
22227.4147864723728670453276000000
33242.8482300998350089286946000000
22227.4147864723728670453276000000
11.7223950124772590851723000000
11.7223950124772590851723000000
11672.2732953853743325223276000000
10060.4920344164423655223276000000
11.7223950124772590851723000000
11.7223950124772590851723000000
11.7223950124772590851723000000
10060.4920344164423655223276000000
11.7223950124772590851723000000
11.7223950124772590851723000000
21582.2973297269379354915393000000
11.7223950124772590851723000000
26282.6364220077550411834777000000
11.7223950124772590851723000000
11672.2732953853743325223276000000
10060.4920344164423655223276000000
10060.4920344164423655223276000000
11.7223950124772590851723000000
14284.7297992065142981515393000000
14284.7297992065142981515393000000
23926.5451866239977883515393000000
12523.5567372628053920744777000000
22227.4147864723728670453276000000
22227.4147864723728670453276000000
26282.6364220077550411834777000000
12523.5567372628053920744777000000
26282.6364220077550411834777000000
12523.5567372628053920744777000000
10060.4920344164423655223276000000
11.7223950124772590851723000000
11672.2732953853743325223276000000
11672.2732953853743325223276000000
22227.4147864723728670453276000000
10060.4920344164423655223276000000
11672.2732953853743325223276000000
11.7223950124772590851723000000
10060.4920344164423655223276000000
11.7223950124772590851723000000
21582.2973297269379354915393000000
12523.5567372628053920744777000000
36438.3795288743259213408447000000
10060.4920344164423655223276000000
10060.4920344164423655223276000000
21582.2973297269379354915393000000
14284.7297992065142981515393000000
12523.5567372628053920744777000000
22227.4147864723728670453276000000
10060.4920344164423655223276000000
11672.2732953853743325223276000000
10060.4920344164423655223276000000
11672.2732953853743325223276000000
12523.5567372628053920744777000000
26282.6364220077550411834777000000
36438.3795288743259213408447000000
26282.6364220077550411834777000000
12523.5567372628053920744777000000
12523.5567372628053920744777000000
10060.4920344164423655223276000000
21582.2973297269379354915393000000
10060.4920344164423655223276000000
10060.4920344164423655223276000000
11.7223950124772590851723000000
11672.2732953853743325223276000000
11.7223950124772590851723000000
10060.4920344164423655223276000000
11672.2732953853743325223276000000
12523.5567372628053920744777000000
11.7223950124772590851723000000
22227.4147864723728670453276000000
11672.2732953853743325223276000000
12523.5567372628053920744777000000
11.7223950124772590851723000000
14284.7297992065142981515393000000
26282.6364220077550411834777000000
22227.4147864723728670453276000000
12523.5567372628053920744777000000
11.7223950124772590851723000000
26282.6364220077550411834777000000
12523.5567372628053920744777000000
22227.4147864723728670453276000000
12523.5567372628053920744777000000
11.7223950124772590851723000000
12523.5567372628053920744777000000
11.7223950124772590851723000000
10060.4920344164423655223276000000
11.7223950124772590851723000000
26282.6364220077550411834777000000
11.7223950124772590851723000000
22227.4147864723728670453276000000
11.7223950124772590851723000000
11.7223950124772590851723000000
11672.2732953853743325223276000000
12523.5567372628053920744777000000
11672.2732953853743325223276000000
11.7223950124772590851723000000
11.7223950124772590851723000000
11.7223950124772590851723000000
11672.2732953853743325223276000000
12523.5567372628053920744777000000
10060.4920344164423655223276000000
10060.4920344164423655223276000000
22227.4147864723728670453276000000
11672.2732953853743325223276000000
12523.5567372628053920744777000000
12523.5567372628053920744777000000
21582.2973297269379354915393000000
11.7223950124772590851723000000
11.7223950124772590851723000000
23926.5451866239977883515393000000
11.7223950124772590851723000000
11.7223950124772590851723000000
11.7223950124772590851723000000
11.7223950124772590851723000000
11.7223950124772590851723000000
11.7223950124772590851723000000
11672.2732953853743325223276000000
21582.2973297269379354915393000000
11.7223950124772590851723000000
11.7223950124772590851723000000
10060.4920344164423655223276000000
10060.4920344164423655223276000000
11.7223950124772590851723000000
10060.4920344164423655223276000000
11.7223950124772590851723000000
11.7223950124772590851723000000
11.7223950124772590851723000000
11.7223950124772590851723000000
11.7223950124772590851723000000
12523.5567372628053920744777000000
11672.2732953853743325223276000000
11.7223950124772590851723000000
11.7223950124772590851723000000
11.7223950124772590851723000000
11.7223950124772590851723000000
11.7223950124772590851723000000
11.7223950124772590851723000000
11.7223950124772590851723000000
11.7223950124772590851723000000
11.7223950124772590851723000000
11.7223950124772590851723000000
11.7223950124772590851723000000
11.7223950124772590851723000000
11.7223950124772590851723000000
11.7223950124772590851723000000
11.7223950124772590851723000000
11.7223950124772590851723000000
11.7223950124772590851723000000
11.7223950124772590851723000000
11.7223950124772590851723000000
11.7223950124772590851723000000
11.7223950124772590851723000000
11.7223950124772590851723000000
11.7223950124772590851723000000
11.7223950124772590851723000000
11.7223950124772590851723000000
11.7223950124772590851723000000
11.7223950124772590851723000000
11.7223950124772590851723000000
11.7223950124772590851723000000
11.7223950124772590851723000000
11.7223950124772590851723000000
11.7223950124772590851723000000
11.7223950124772590851723000000
11.7223950124772590851723000000
11.7223950124772590851723000000
11.7223950124772590851723000000
11.7223950124772590851723000000
11.7223950124772590851723000000
11.7223950124772590851723000000
11.7223950124772590851723000000
11.7223950124772590851723000000
11.7223950124772590851723000000
11.7223950124772590851723000000
11.7223950124772590851723000000
11.7223950124772590851723000000
11.7223950124772590851723000000
11.7223950124772590851723000000
11.7223950124772590851723000000
11.7223950124772590851723000000
11.7223950124772590851723000000
11.7223950124772590851723000000
11.7223950124772590851723000000
11.7223950124772590851723000000
11.7223950124772590851723000000
11.7223950124772590851723000000
11.7223950124772590851723000000
11.7223950124772590851723000000
11.7223950124772590851723000000
11.7223950124772590851723000000
11.7223950124772590851723000000
11.7223950124772590851723000000
11.7223950124772590851723000000
11.7223950124772590851723000000
11.7223950124772590851723000000
11.7223950124772590851723000000
11.7223950124772590851723000000
11.7223950124772590851723000000
11.7223950124772590851723000000
11.7223950124772590851723000000
11.7223950124772590851723000000
11.7223950124772590851723000000
11.7223950124772590851723000000
11.7223950124772590851723000000
11.7223950124772590851723000000
11.7223950124772590851723000000
11.7223950124772590851723000000
11.7223950124772590851723000000
11.7223950124772590851723000000
11.7223950124772590851723000000
11.7223950124772590851723000000
11.7223950124772590851723000000
11.7223950124772590851723000000
11.7223950124772590851723000000
11.7223950124772590851723000000
11.7223950124772590851723000000
11.7223950124772590851723000000
11.7223950124772590851723000000
11.7223950124772590851723000000
11.7223950124772590851723000000
11.7223950124772590851723000000
11.7223950124772590851723000000
11.7223950124772590851723000000
11.7223950124772590851723000000
11.7223950124772590851723000000
11.7223950124772590851723000000
11.7223950124772590851723000000
11.7223950124772590851723000000
11.7223950124772590851723000000
11.7223950124772590851723000000
11.7223950124772590851723000000
11.7223950124772590851723000000
11.7223950124772590851723000000
11.7223950124772590851723000000
11.7223950124772590851723000000
11.7223950124772590851723000000
11.7223950124772590851723000000
11.7223950124772590851723000000
11.7223950124772590851723000000
11.7223950124772590851723000000
11.7223950124772590851723000000
11.7223950124772590851723000000
11.7223950124772590851723000000
11.7223950124772590851723000000
11.7223950124772590851723000000
11.7223950124772590851723000000
11.7223950124772590851723000000
11.7223950124772590851723000000
11.7223950124772590851723000000
11.7223950124772590851723000000
11.7223950124772590851723000000
11.7223950124772590851723000000
11.7223950124772590851723000000
11.7223950124772590851723000000
11.7223950124772590851723000000
11.7223950124772590851723000000
11.7223950124772590851723000000
11.7223950124772590851723000000
11.7223950124772590851723000000
11.7223950124772590851723000000
11.7223950124772590851723000000
11.7223950124772590851723000000
11.7223950124772590851723000000
11.7223950124772590851723000000
11.7223950124772590851723000000
11.7223950124772590851723000000
11.7223950124772590851723000000
11.7223950124772590851723000000
11.7223950124772590851723000000
11.7223950124772590851723000000
11.7223950124772590851723000000
11.7223950124772590851723000000
11.7223950124772590851723000000
11.7223950124772590851723000000
11.7223950124772590851723000000
11.7223950124772590851723000000
11.7223950124772590851723000000
11.7223950124772590851723000000
11.7223950124772590851723000000
11.7223950124772590851723000000
11.7223950124772590851723000000
11.7223950124772590851723000000
11.7223950124772590851723000000
11.7223950124772590851723000000
11.7223950124772590851723000000
11.7223950124772590851723000000
11.7223950124772590851723000000
11.7223950124772590851723000000
11.7223950124772590851723000000
11.7223950124772590851723000000
11.7223950124772590851723000000
11.7223950124772590851723000000
11.7223950124772590851723000000
11.7223950124772590851723000000
11.7223950124772590851723000000
11.7223950124772590851723000000
11.7223950124772590851723000000
11.7223950124772590851723000000
11.7223950124772590851723000000
11.7223950124772590851723000000
11.7223950124772590851723000000
11.7223950124772590851723000000
11.7223950124772590851723000000
11.7223950124772590851723000000
11.7223950124772590851723000000
11.7223950124772590851723000000
11.7223950124772590851723000000
11.7223950124772590851723000000
11.7223950124772590851723000000
11.7223950124772590851723000000
11.7223950124772590851723000000
11.7223950124772590851723000000
11.7223950124772590851723000000
11.7223950124772590851723000000
11.7223950124772590851723000000
11.7223950124772590851723000000
11.7223950124772590851723000000
11.7223950124772590851723000000
11.7223950124772590851723000000
11.7223950124772590851723000000
11.7223950124772590851723000000
11.7223950124772590851723000000
11.7223950124772590851723000000
11.7223950124772590851723000000
11.7223950124772590851723000000
11.7223950124772590851723000000
11.7223950124772590851723000000
11.7223950124772590851723000000
11.7223950124772590851723000000
11.7223950124772590851723000000
11.7223950124772590851723000000
11.7223950124772590851723000000
11.7223950124772590851723000000
11.7223950124772590851723000000
11.7223950124772590851723000000
11.7223950124772590851723000000
11.7223950124772590851723000000
11.7223950124772590851723000000
11.7223950124772590851723000000
11.7223950124772590851723000000
11.7223950124772590851723000000
11.7223950124772590851723000000
11.7223950124772590851723000000
11.7223950124772590851723000000
11.7223950124772590851723000000
11.7223950124772590851723000000
11.7223950124772590851723000000
11.7223950124772590851723000000
11.7223950124772590851723000000
11.7223950124772590851723000000
11.7223950124772590851723000000
11.7223950124772590851723000000
11.7223950124772590851723000000
11.7223950124772590851723000000
11.7223950124772590851723000000
11.7223950124772590851723000000
11.7223950124772590851723000000
11.7223950124772590851723000000
11.7223950124772590851723000000
11.7223950124772590851723000000
11.7223950124772590851723000000
11.7223950124772590851723000000
11.7223950124772590851723000000
11.7223950124772590851723000000
11.7223950124772590851723000000
11.7223950124772590851723000000
11.7223950124772590851723000000
11.7223950124772590851723000000
11.7223950124772590851723000000
11.7223950124772590851723000000
11.7223950124772590851723000000
11.7223950124772590851723000000
11.7223950124772590851723000000
11.7223950124772590851723000000
11.7223950124772590851723000000
11.7223950124772590851723000000
11.7223950124772590851723000000
11.7223950124772590851723000000
11.7223950124772590851723000000
11.7223950124772590851723000000
11.7223950124772590851723000000
11.7223950124772590851723000000
11.7223950124772590851723000000
11.7223950124772590851723000000
11.7223950124772590851723000000
11.7223950124772590851723000000
11.7223950124772590851723000000
11.7223950124772590851723000000
11.7223950124772590851723000000
11.7223950124772590851723000000
11.7223950124772590851723000000
11.7223950124772590851723000000
11.7223950124772590851723000000
11.7223950124772590851723000000
11.7223950124772590851723000000
11.7223950124772590851723000000
11.7223950124772590851723000000
11.7223950124772590851723000000
11.7223950124772590851723000000
11.7223950124772590851723000000
11.7223950124772590851723000000
11.7223950124772590851723000000
11.7223950124772590851723000000
11.7223950124772590851723000000
11.7223950124772590851723000000
11.7223950124772590851723000000
11.7223950124772590851723000000
11.7223950124772590851723000000
11.7223950124772590851723000000
11.7223950124772590851723000000
11.7223950124772590851723000000
11.7223950124772590851723000000
11.7223950124772590851723000000
11.7223950124772590851723000000
11.7223950124772590851723000000
11.7223950124772590851723000000
11.7223950124772590851723000000
11.7223950124772590851723000000
11.7223950124772590851723000000
11.7223950124772590851723000000
11.7223950124772590851723000000
11.7223950124772590851723000000
11.7223950124772590851723000000
11.7223950124772590851723000000
11.7223950124772590851723000000
11.7223950124772590851723000000
11.7223950124772590851723000000
11.7223950124772590851723000000
11.7223950124772590851723000000
11.7223950124772590851723000000
11.7223950124772590851723000000
11.7223950124772590851723000000
11.7223950124772590851723000000
11.7223950124772590851723000000
11.7223950124772590851723000000
11.7223950124772590851723000000
11.7223950124772590851723000000
11.7223950124772590851723000000
11.7223950124772590851723000000
11.7223950124772590851723000000
11.7223950124772590851723000000
11.7223950124772590851723000000
11.7223950124772590851723000000
11.7223950124772590851723000000
11.7223950124772590851723000000
11.7223950124772590851723000000
11.7223950124772590851723000000
11.7223950124772590851723000000
11.7223950124772590851723000000
11.7223950124772590851723000000
11.7223950124772590851723000000
11.7223950124772590851723000000
11.7223950124772590851723000000
